index	id	name	pa	key	type
0	1644489953	南方都市报	-	2	1
1	1894083317	Claire-丛蕾	0	0	1
2	2442891433	齐鲁晚报-今日泰山	0	0	1
3	1705244572	风铃笔记	0	0	1
4	2267183457	Bayern_李山	0	0	1
5	1132381044	爱尚浪漫的人	0	0	1
6	2661359724	白加黑君	0	0	1
7	2094426811	寒江雪2046	0	0	1
8	1783783087	静儿万万	0	0	1
9	1790952257	彪悍的小吃马	0	0	1
10	1497350833	濠滨赵赵	0	0	1
11	1732654175	Yuan二爷	0	0	1
12	1842964887	面面媛儿Bessie	0	0	1
13	2782233172	rainy1874	0	0	1
14	2328622314	M1nute_	0	0	1
15	1626740162	没带爆米花	0	0	1
16	1770451381	leslieskang	0	0	1
17	1824757940	Dawn2066	0	0	1
18	2894025352	全球屌丝大联盟	0	0	1
19	1719436997	徐Kyle1988	0	0	1
20	2630138573	杨Y天T龙L	0	0	1
21	2423997242	一锤子抡死	0	0	1
22	2281949920	边城酒家	0	0	1
23	2125809971	新闻人阿杜	0	0	1
24	2355012361	渊云墨	0	0	1
25	2129029455	开心思考0111	0	0	1
26	2853350467	明月轻风三世	0	0	1
27	2643118691	JF斌	0	0	1
28	1939471431	我才是徐某	0	0	1
29	1653819524	不是妖怪	0	0	1
30	1538956967	我就是跑堂的	0	0	1
31	1652807831	erect1st	0	0	1
32	2963443034	张志强一路有你	0	0	1
33	2105676751	钱筱南	0	0	1
34	2881330123	EdisonJiang81	0	0	1
35	2248618920	爱玩天气的小孙	0	0	1
36	1766633654	广州-小少	0	0	1
37	2108736921	敢心人	0	0	1
38	1246699652	九寨飘雪	0	0	1
39	2348465973	阿默契	0	0	1
40	2296295547	杨蕾ROY	0	0	1
41	2832539597	杜超_远大	0	0	1
42	1376204021	lazy_ball	0	0	1
43	2791495955	Owl忆	0	0	1
44	2137317444	粉了个丝_粉了个丝	0	0	1
45	2873309571	紫塞飞鸿	0	0	1
46	1865051921	我不是我-我只是一只胆小的怪兽	0	0	1
47	1880107004	逄仚仚	0	0	1
48	1809123950	--Lotus--熊图呗--	0	0	1
49	1746335454	小多多爱吃大草莓	0	0	1
50	1959033483	_陆博_	0	0	1
51	1285920801	带鱼亲蚊子	0	0	1
52	1731045221	我仁无敌_omd	4	0	1
53	1917269997	靛蓝突击者-上班忧郁症	0	0	1
54	1718732421	日上三竿仍在眠	0	0	1
55	2708301594	痞子社区	0	0	1
56	2783496785	油城交警	0	0	1
57	1820060157	OD分子	0	0	1
58	1845421333	cnscwsl	0	1	1
59	1729198973	酷酷裤_Ruan	0	0	1
60	1676353695	懒惰的毕大胖	0	0	1
61	1735689964	茜茳	0	0	1
62	1654180837	phymon	0	0	1
63	2708467412	东恒律师仲剑辉	0	0	1
64	1083617561	乔--正太	0	0	1
65	1741219843	潜水员老张	0	0	1
66	2571338130	冬冬本人	0	0	1
67	2245277171	炕头王	0	0	1
68	1871753953	FINeage	0	0	1
69	1726949571	饮食男大禹	0	0	1
70	1819504991	梓阳IM	0	0	1
71	2137052615	潇遥影中董建强	0	0	1
72	1455407862	Dexter_Martian	0	0	1
73	1846008647	FoxEchoIndia	0	0	1
74	1960081630	等在黄河尽头	0	0	1
75	2879604707	丸子MM的喜与悲	0	0	1
76	2426606281	西安逍遥张	0	0	1
77	2159031233	松V涛	0	0	1
78	1762864457	ws-十面埋伏	0	0	1
79	2825481643	泷江浪子不加V	0	0	1
80	1561893175	周贤同学	0	0	1
81	1218492402	后石微博	0	0	1
82	1717218472	一直逛街的大叔	0	0	1
83	2974071574	闲评最棒	0	0	1
84	2943530902	中公教育陈-金亮	0	0	1
85	2571062170	24Tea	0	0	1
86	2813519431	舆论与愚论	0	0	1
87	2120885024	风生水起TH	0	0	1
88	1937292850	胖胖lius	0	0	1
89	1401530993	小澈的彩虹	0	0	1
90	2084842867	许雪萱	0	0	1
91	1406575240	终极owen	0	0	1
92	2144793091	是插曲	0	0	1
93	1448137137	看欧洲杯的猪	0	0	1
94	2161354607	电动蚊香	0	0	1
95	2012810994	筱_菡slim	0	0	1
96	2624613171	双子峋	0	0	1
97	1805167837	TmingT	0	0	1
98	1609385347	大渔人	0	0	1
99	2423119292	Bojun-	0	0	1
100	1676915057	晴天-pan	0	0	1
101	1627094057	johnny113	0	0	1
102	1426576667	自由小毛驴	0	0	1
103	1827268255	李文才_愛正妹	0	0	1
104	1791537853	清朗Z	0	0	1
105	1790633673	年画小子	0	0	1
106	2036105583	慧慧不哭了	0	0	1
107	1776553282	_lo仔_	0	0	1
108	2073062417	回龙观雷公	0	0	1
109	1430625367	fslyy	0	0	1
110	2021408073	熊熊成	0	0	1
111	1789625701	_____HT_____	0	0	1
112	2602617897	pliu23	0	0	1
113	1733017304	猫头鹰3057	0	0	1
114	1654154787	冯理Richard	0	0	1
115	2677035371	牛杂世家总部	0	0	1
116	1986730977	自由的猫007	0	0	1
117	1295867835	童话女皇	0	0	1
118	1416205324	不宅又宅	0	0	1
119	1834521211	人民代表报	0	0	1
120	2061853531	然也--然也	0	0	1
121	2778616821	海可诺	0	0	1
122	1615986502	王仕奇	0	0	1
123	2392258992	红晚歧杭	0	0	1
124	1721646187	鲍楼的那棵树	0	0	1
125	1869502637	7_mooooooon	0	0	1
126	2092759993	钢之炼蚊术士	0	0	1
127	1839613183	迦兰微博	69	0	1
128	1652579322	三指禪道	0	0	1
129	2506075304	Setcool	0	0	1
130	2349708215	小溪之鱼	0	0	1
131	1939900745	skylillylxl	0	0	1
132	2396824697	Q京松的围脖	0	0	1
133	2645870387	小侯324724	0	0	1
134	2099869607	世内凡人	0	0	1
135	2135771124	Joanneliu929	0	0	1
136	2670353812	于三皮在灯火辉煌路	0	0	1
137	1243520780	冯磊的二一斋	0	0	1
138	1347669387	令狐宇文	0	0	1
139	1893186814	鲍波王Bob	0	0	1
140	1287140245	FIGO1986	0	0	1
141	2623525560	小房的伍丹依	0	0	1
142	2133024281	江陵天	0	0	1
143	2689595973	马丁路德-星	0	0	1
144	1715441613	QforQiuFishInLove	0	0	1
145	1829974140	咏儀G	0	0	1
146	1805672633	Hello土牛	0	0	1
147	1559091457	dear198653	0	0	1
148	2230656891	Zhenhua_Liu	0	0	1
149	1757604813	企鹅底弟	0	0	1
150	1839834913	nanyadalu	0	0	1
151	1697355401	笨蛋笨蛋雪糕	0	0	1
152	1851822755	云帆Allen	0	0	1
153	2408670333	lisshun	0	0	1
154	1104698725	玩家玩意	0	0	1
155	1652714457	bluesczy	0	0	1
156	1746844643	瑟调琴弄	0	0	1
157	1880377485	力魔-力哥	0	0	1
158	2639004382	早春落叶	0	0	1
159	1650096501	深红蜡染	0	0	1
160	2815136032	馨萍泽凝	0	0	1
161	1737070114	阳光1227	0	0	1
162	2095896055	尚南LL	0	0	1
163	2682164911	YATV感动在身边	0	1	1
164	1771845423	冒充熊猫的猪	0	0	1
165	1712341967	MR-mrf	0	0	1
166	2077828223	弹棉花的钢琴	0	0	1
167	2055193384	二逼的电器杀手	0	0	1
168	1964464942	寂寞非本意	0	0	1
169	1677996473	什月初一	0	0	1
170	1832707267	UP-Life	0	0	1
171	2120177941	YO_PAPA	0	0	1
172	1957242757	freedream123	0	0	1
173	1406571111	几一的围脖	0	0	1
174	2044871230	Jeffery陈	0	0	1
175	2765867885	天天在长安	0	0	1
176	1381441190	上帝的垃圾罐	0	0	1
177	2105530191	copycaT理智者	0	0	1
178	2418533172	dainalarcher	0	0	1
179	1839027813	馮廣寧	0	0	1
180	2783496785	油城交警	0	0	1
181	1966414844	我当涂墙	0	0	1
182	1774902867	滕日子	0	0	1
183	2488330567	城中区共青团	0	0	1
184	1750789495	津城Style	0	0	1
185	2677884433	果度总部	115	0	1
186	2482712013	烟台Pioneer	0	0	1
187	2092599495	何必知道我是谁1234	0	0	1
188	2297060142	潘家派出所	0	0	1
189	1401314962	烟雨足迹_n49	0	0	1
190	1650111984	Defensenua	0	0	1
191	1696189632	鰢蟻	0	0	1
192	1943350750	江月摇棉	0	0	1
193	2236474705	升猛海鲜	0	0	1
194	1427222315	原本刘应应	0	0	1
195	2120177941	YO_PAPA	0	0	1
196	1870393793	吾非常名	0	0	1
197	2678944003	風雲英華V	35	0	1
198	1949237471	刺猬蕾	0	0	1
199	1797187414	闪电鱼罐头2012	0	0	1
200	1732464940	晴晴麻米	0	1	1
201	1852296737	亡命小正太_烤盐已经在窝碗里了	0	0	1
202	1033231643	雪茗夏飲	0	0	1
203	1521034364	不了情弘厚	0	0	1
204	2087163114	摩卡67	0	0	1
205	1268584143	谁告诉我叫什么啊	0	0	1
206	1968413595	延安同城会	163	0	1
207	2206589571	-许小诺	0	0	1
208	2264249610	杨凯在土做生意	0	0	1
209	1752714377	南宫柏逸	0	0	1
210	1676897420	淡定1笑	0	0	1
211	1439317097	狗娘养的虎宝宝	125	0	1
212	1765576042	唐Sir要做个学术的本科僧_TJU	0	0	1
213	2038738441	旺旺小板仔	0	0	1
214	2143371661	ParPar2011	0	0	1
215	1846236651	Wang岳森	0	0	1
216	1790655495	Ricky-叮	0	0	1
217	1007368521	啤啤雄_aac	0	0	1
218	2075857682	养猫男生	0	0	1
219	2116357427	闲来无事--围观	0	0	1
220	1834603053	小猪猪0925	0	0	1
221	1883015900	加V潜水艇	0	0	1
222	2386204247	做自己想做的事789	163	0	1
223	2494105507	崴搜思睿思邹	0	0	1
224	2704945207	生活是一盏灯	0	0	1
225	1750274102	SUNNYPPZ	0	0	1
226	1867426734	VIP_璐	0	0	1
227	1444384915	老瓜的blog	0	0	1
228	2134825901	小驴爱小骡	0	0	1
229	2196161381	Ishaqyy	0	0	1
230	2427660147	心随你动2427660147	0	0	1
231	1858679531	不泠不泠	0	0	1
232	2687851311	Jenny_Wanli	0	0	1
233	2828234584	Dazo大左	0	0	1
234	1648607135	QQ酱新年旺旺旺	0	0	1
235	1769976862	漆园子	0	0	1
236	1212070585	水的哥哥	0	0	1
237	2040413131	love西西爸爸	0	0	1
238	2021704567	安德烈屋	0	0	1
239	1711720220	留小心儿	0	0	1
240	2187576843	谢老飞	0	0	1
241	2483245247	碧树琼花	0	0	1
242	2266990145	云飞23回来啦	0	0	1
243	1953065070	star梦游	0	0	1
244	1786946151	郑焕明zhm	0	0	1
245	2094813854	i血管_其达拉图	0	0	1
246	1866802521	喵了个口米的	0	0	1
247	1556564672	天树DEAN	0	0	1
248	2086534095	旭日阳光又一村	0	0	1
249	1455476221	楚狂糊塗如故	0	0	1
250	46908991	平淡交流	0	0	1
251	1927356694	真实之刃	0	0	1
252	1447236024	垃圾工	0	0	1
253	2641447152	cc5566i	0	0	1
254	1989521673	尽情坦言	0	1	1
255	2488330593	万秀区共青团	183	0	1
256	1947275753	培_爷	0	0	1
257	2305075114	古人不古	0	0	1
258	1171451877	宁夏农夫	0	1	1
259	1462653427	tuodou2984	0	0	1
260	2287944660	Danny昂	0	0	1
261	2925983651	月月招人疼	0	0	1
262	1980926775	MLHZG	254	0	1
263	1975557397	ceeport2011	0	0	1
264	1268494384	视金钱如粪土的屎壳郎	0	0	1
265	1291276864	完图斯瑞佛	0	0	1
266	1724715790	Leslie笨猪侠	0	0	1
267	2026940295	麦莎莎angel	0	0	1
268	1400432572	風雨殘雷	0	0	1
269	2936639841	正义肃清丑恶	0	0	1
270	1704042573	Lee江	205	0	1
271	1617607825	千嚞愿	0	0	1
272	1659621697	wen石耳W	258	0	1
273	1678282301	obama不是马	0	0	1
274	2478462335	et滴哥哥	0	0	1
275	2169100703	耗子-乐观向上超级宅	0	0	1
276	1244210901	随遇而安_1983	0	0	1
277	2464136982	WU耿彬	0	0	1
278	2558278802	dx528	0	0	1
279	1540463431	马里亚纳没有海	0	0	1
280	1874582973	2540真不错xiao_chang	0	0	1
281	1969115723	翦秋水	0	0	1
282	1785416540	纪植_	0	0	1
283	2441809554	吴中桓	0	0	1
284	2336800364	18区大米	214	0	1
285	1064156902	蒜苗回鍋肉	0	0	1
286	1073218404	QCjin	0	0	1
287	2292789514	zitazou	0	0	1
288	1879566390	hellocll	0	0	1
289	2622652782	丄啻的左手	0	0	1
290	2427338205	ljwfive	0	0	1
291	1750272910	我本暂离	0	0	1
292	2045978023	牙齿的阳光	0	0	1
293	1813345237	正低B仔	0	0	1
294	2118727080	小王子黄亚飞	0	0	1
295	1832554354	豆子哥的故事会	0	0	1
296	1295052783	风啥好呢	0	0	1
297	1866148364	汤汤慢慢行	0	0	1
298	2242238615	巴楚的风雪夜归人	0	0	1
299	1557675547	我就是那地上的拉拉缨哟	0	0	1
300	1848032537	何以言表	0	0	1
301	2754420083	david箴言英语	0	0	1
302	1602589805	密密麻麻棉毛裤	0	0	1
303	2558778171	苏小燕1215	0	0	1
304	2095700490	似曾相识KEN	0	0	1
305	1920530285	PUMBAA600	0	0	1
306	2640730732	伍员庙外灵涛现	0	0	1
307	2994708392	公管172101	0	0	1
308	2819452282	All_Apologies事事关心声声入耳	0	0	1
309	1863683005	包身工Crizzz	0	0	1
310	1542864251	Solon-Yang	0	0	1
311	1266202937	皇帝蕉蕉	0	0	1
312	1851935042	I-张张张翠冰	0	0	1
313	2130694027	止水-玄芝	296	0	1
314	1988347117	阿锦1981	0	0	1
315	1927607481	707关注次世代经济	217	0	1
316	2657379920	远走高飞一路闯天涯	0	0	1
317	1751528444	NOKKE鬼	0	0	1
318	1839229690	PinkyTam	0	0	1
319	2253194722	L-_-ink	0	0	1
320	1679321191	我的成长日记jack	0	0	1
321	2173475874	道道儿-song	0	0	1
322	1784577067	吴小姬	0	0	1
323	1678247093	玉不成器	0	1	1
324	2125591665	锋利的蛇	0	0	1
325	2596083462	明天-ReptilesBreeder	0	0	1
326	2648440067	真的老友记	0	0	1
327	1408523224	回京吃	0	0	1
328	1771669123	颜淼玥	0	0	1
329	2647002974	owenpadpad	0	0	1
330	1582596024	卖火柴的博容	0	0	1
331	2805030840	先生美羊羊	0	0	1
332	1937004424	微风敛迹2011	0	0	1
333	1581358447	婉仔码头切糕	0	0	1
334	1957088882	大龄工科男	0	0	1
335	2067749945	路上风轻云淡	0	0	1
336	1662293485	郑良雅	0	0	1
337	1705317672	痛定思痛TJ	0	0	1
338	1678247093	玉不成器	0	0	1
339	1652144035	Twinklezqk	0	0	1
340	1847180213	_董枫	0	0	1
341	2383469532	飞鱼爱上猪猪	0	0	1
342	1644000081	唐弘	0	0	1
343	1874136903	李家楚琪	0	0	1
344	1767595794	猎宝宝	0	0	1
345	2645438601	孟洋君真的要戒烟了	0	0	1
346	2121714905	乃容则宽-无欲则刚	0	0	1
347	1842227274	Louis--桀	0	0	1
348	1979845751	猫诱引力	0	0	1
349	1728968795	倒霉的右耳	0	0	1
350	2083456015	第一仙人球	0	0	1
351	1963425651	mars_max1	0	0	1
352	1467643605	石上蹲	0	0	1
353	1923029085	静聆风月	0	0	1
354	1306064287	在右路飞翔	0	0	1
355	2883715130	证券小律宿天浩	0	0	1
356	1908214503	阿神Freedom	0	0	1
357	1761575297	zhao兵兵	0	0	1
358	2124627505	夜猫子圆红星达人	0	0	1
359	2136515083	可爱丁汀	0	0	1
360	1718347923	犹精大卫	0	0	1
361	1724184533	阳光满满当当的	0	0	1
362	2577339940	山边湖边	0	0	1
363	1646031452	南方南	0	1	1
364	1994351351	Lw王龙	0	0	1
365	2277465644	靠山压死人	0	0	1
366	1098079090	点亮快乐人生	0	0	1
367	1257406511	伤不起的2011	262	0	1
368	1794535182	大画精-Wpk	0	0	1
369	2033808122	懒洋洋xcb	0	0	1
370	1299599635	卡拉扬的幽灵	0	0	1
371	1937756263	小智wisdom	0	0	1
372	2178898315	亦庄君安国际	0	0	1
373	1079614982	慈溪赌王	0	0	1
374	2913022410	下一站20年	0	0	1
375	1550347283	rede-gxb	0	0	1
376	1173148257	海漂蚊子	0	0	1
377	2375511700	琴子-_-	0	0	1
378	1730001874	sexykiller	0	0	1
379	1874276574	小木头爱677	0	0	1
380	1949324747	旅行的小舟	0	0	1
381	1984769593	希希--2008	0	0	1
382	2365895924	掀起你的小短裙	0	0	1
383	1569649500	不孤独的独行者	0	1	1
384	1156649632	Qianquan	0	0	1
385	1752121943	OLdyNANA	0	0	1
386	1898917685	KRIS34	0	0	1
387	1843497047	Leunggamciu	0	0	1
388	1774714442	-小DU-	0	0	1
389	2929595744	诸葛爱小乔	0	0	1
390	1804105223	批评人老梁	0	0	1
391	2422945987	油炸香蕉鱼	0	0	1
392	1234403037	哈啦噜噜	0	0	1
393	2103424564	快乐金龙鱼	0	0	1
394	1750260017	苑苑2012	0	0	1
395	2454356111	赵小墨caicai	0	0	1
396	1749876023	交广杨光	0	0	1
397	1706406277	直播过去	0	0	1
398	1752372405	GottShine	0	0	1
399	2394995847	尾号0857	0	0	1
400	2249263271	kishiMM	0	0	1
401	1407934727	谁伴我共闯荡	0	1	1
402	1316887800	海的天_Fred	0	0	1
403	2797320560	如虎添翼8911	0	0	1
404	1651114533	行走在刀锋上	0	0	1
405	1453515020	睿哥爸	0	0	1
406	2170290475	Marquis人格分裂	0	0	1
407	1251690485	aslongasiwill	0	0	1
408	2807619417	文庆的半瓶子醋9	0	0	1
409	2118974792	冬Mei要努力向上	0	0	1
410	1621668361	专业业余爱好者	0	0	1
411	1210202263	都市猎人-ITM	0	0	1
412	1150028980	付垄亚给勒	0	0	1
413	1869337090	潘昱V	0	0	1
414	1663144344	weibochui	0	0	1
415	2675212141	冰火天蝎007	0	0	1
416	1750733023	天秤座的高富帅顺德控大叔	0	0	1
417	2108746600	石子三二	0	0	1
418	2780137062	滨海with蓝天	0	0	1
419	1971795763	YafengAsIs	0	0	1
420	2082907111	闲话春秋	0	0	1
421	1916683823	潍坊日报岳峰	0	0	1
422	1584068073	小宝宝飞龙	200	0	1
423	2920367330	卖火柴的云平1986	200	0	1
424	2920252024	2920252024	58	0	1
425	2803163274	coolgirl可乐尼洛	58	0	1
426	2883824010	KIKI_CoolGirl	0	0	1
427	1916580690	mjsh123	0	0	1
428	1425100367	斑斑和湾湾	363	0	1
429	1422972382	北京大愚	0	0	1
430	2049110432	笨笨yydelove	0	0	1
431	1828095721	易恋幽梦	0	0	1
432	1396349523	潇湘西城	0	0	1
433	2840047843	穷游草根	0	0	1
434	1192989901	无意归001	0	0	1
435	1802439065	一克拉的眼泪cc	0	0	1
436	1852699851	康佳明方	0	0	1
437	1592539193	王小五卫	434	0	1
438	2268503420	快乐生活的当当	0	0	1
439	1791326710	春城晚报新芒市	0	0	1
440	2041529310	_-ni緗dian	0	0	1
441	2050997910	孤独滴更号叁	0	0	1
442	1867002504	怀念那不懂事的岁月	0	0	1
443	1768116660	浅草痔	0	0	1
444	2660948063	自强不息厚德载物1498	0	0	1
445	2150817571	黄色的飞鸿	0	0	1
446	2277979487	彭小巍	0	0	1
447	2744030662	虚空夜月H	0	0	1
448	1831007907	锦不会坑	0	0	1
449	1913029002	牵挂山泉海	68	0	1
450	1990857982	撕扇子作千金一笑	0	0	1
451	1582562295	勤奋的华皓	383	0	1
452	2789658462	04到09年团饭幼安	383	0	1
453	1497526670	Longuetex	0	0	1
454	1372925012	刘俊斌空间	0	0	1
455	1231496077	李陽歐	0	0	1
456	1771419673	小屎gug	0	0	1
457	1780722900	借沧海	0	0	1
458	2691500703	猪肉王子-凌凌漆	0	0	1
459	1743140267	K-Luk	0	0	1
460	2025112822	gracex	0	0	1
461	2701297480	俺也进城来打工	0	0	1
462	1867244012	sopeng宋	0	0	1
463	2373550463	贰米粒	0	0	1
464	1891440214	阳光bohu	0	0	1
465	1928817953	单伟华	0	0	1
466	2419349877	老大猫朗朗	0	0	1
467	2288221657	丫不厚道	0	0	1
468	1760362450	青春幽灵	0	0	1
469	2786763570	chenchen希	0	0	1
470	1136238370	然后什么都没有了	0	0	1
471	1782401791	猴子请来的救兵I	0	0	1
472	2291091871	一眼乜不到	0	0	1
473	1296198014	feifeiniao_fr2	392	0	1
474	2762568021	布衣杨先生	0	0	1
475	2101044007	慧YohLin--o-H_H-o-yoyo	0	0	1
476	1906006650	塔迪斯	0	0	1
477	1798875915	allen1578	0	0	1
478	1792904401	西瓜坡主人	0	0	1
479	1843175651	躺下听风雨	363	0	1
480	2388468552	小猪早早	0	0	1
481	1985268863	饭二车娜姆	101	0	1
482	1608024694	柠檬山上	0	0	1
483	2643181173	Jhao盼望黎明	0	0	1
484	1557548551	花生和米花的妈	0	0	1
485	1752636941	明_遇见最初的自己	0	0	1
486	2736165373	翩若惊鸿0901	0	0	1
487	1296313785	Phoebeshining	0	0	1
488	2920062170	世界酷拉皮卡1995	323	0	1
489	2805107552	兔女郎冰伊布	323	0	1
490	2030926555	卖肾低落哥	0	0	1
491	2379860692	忘戒2012	0	0	1
492	2169070022	kxfwbl	0	0	1
493	1940758021	蓝巨星2012	0	0	1
494	2376039377	汫洲姿娘仔	0	0	1
495	2169070022	kxfwbl	0	0	1
496	1427831674	自由的腊肠猪	0	0	1
497	1287449171	一枚潜水员	0	0	1
498	1640087203	山周水至	0	0	1
499	2143767857	三峡大学宿管会	0	0	1
500	2653529695	超级向上的天使	0	0	1
501	1772023903	约翰法雷尔-	0	0	1
502	1731457353	胡老爺_theBIGCATwizPRIDE	0	0	1
503	1617721287	梦想澄臻	0	0	1
504	1811363015	muslim-杨思贤	0	0	1
505	2169070022	kxfwbl	0	0	1
506	2424742243	聆界cc	0	0	1
507	2802940642	best丘晓影	383	0	1
508	1777445310	18岁的俊拔Linda	383	0	1
509	2709200385	杨荧森	0	0	1
510	1548264327	大牛小周	0	0	1
511	2255378490	李余方	0	0	1
512	2709200385	杨荧森	0	0	1
513	2952399534	厦门汉纳软件	0	0	1
514	2283326983	工地里的水泥燊	0	0	1
515	2159162982	幸运的Luisa	509	0	1
516	2819089314	ALONEasalone	0	0	1
517	1951393875	穿草鞋的流浪人	0	1	1
518	1767627043	天际游子	0	0	1
519	1444895883	上树敏	0	0	1
520	2691056155	手机用户2691056155	0	0	1
521	2504126915	梅花开门	0	0	1
522	1322576532	宋辉dlflawyer	0	0	1
523	1854134372	haijingsw	0	0	1
524	2151961564	石斐客	0	0	1
525	1282757223	马奇志	0	0	1
526	2082226777	handsome-xie	273	0	1
527	2614765975	海角的冬天	0	0	1
528	1933853043	人生探索者智慧	0	0	1
529	2481197783	可可她爸20101222	0	0	1
530	1549279010	酷宇伦比	0	0	1
531	2802831460	best休斯中佐	383	0	1
532	2804210550	专家图斯库尔	323	0	1
533	2803321170	honey木之本樱	401	0	1
534	2920159662	倩女东城绫1980	401	0	1
535	2805049194	公寓普莉姆拉	0	0	1
536	2920348722	双子蓝兔1984	0	0	1
537	2789979202	妞子shaymin	200	0	1
538	2920534932	在行动真红女王1980	200	0	1
539	2148018842	邹曈	0	0	1
540	1414244644	皮皮兽	0	0	1
541	2790076940	2b人荌荌	383	0	1
542	2790081484	2B小妞霞文	200	0	1
543	2920381644	可爱多loli1982	200	0	1
544	2804481430	佳人暴力熊	383	0	1
545	2173121883	还是阿朗	0	0	1
546	1722491371	丹彤Maple	0	0	1
547	1536834623	王耿华1988	0	0	1
548	1583009215	处女德华	0	0	1
549	2789846512	170傲晴	0	0	1
550	1583181507	大姑娘清婉	383	0	1
551	1588189570	coolgirlSherry	383	0	1
552	2808692504	善良的南野秀一	383	0	1
553	2919552194	2012北京车展冠宇1986	0	0	1
554	2919770452	coolboy水手小小1983	401	0	1
555	2919800474	coolboy伊吹庆太1980	383	0	1
556	2920115762	乐悠悠凤桥楼十郎1986	0	0	1
557	2804380380	乐园圣树	0	0	1
558	2920654204	大帅哥圣树1984	200	0	1
559	2920340012	勤奋柊泽艾利欧1990	200	0	1
560	2790073234	宝贝碧珀明	517	0	1
561	1583327843	大爱高峯	517	0	1
562	2920639092	大姑娘超铃音1987	517	0	1
563	2808086330	双子戴鲁比	517	0	1
564	2804334044	乐观的高桥凉介	517	0	1
565	2919645440	2b的文艺青年斌斌1981	517	0	1